26.372	        88.9753	163.4228	183.4903	6.9	0.58	1.89
-28.4095       -139.8456 -523.6884	-158.3055	7.5	0.74	2.57
82.0447	        197.2798 -95.7465	178.0568	7.9	0.71	2.90
20.3147	       -286.2944 31.8044	47.8847	       7.7     0.47	1.34
-280.8602      -282.9913 -25.7247	177.9422	7.8	0.38	0.35
20.3147	        230.5239 31.8044	239.2573	6.1	0.56	2.32
140.7181	327.6409 -536.9019	248.5937	7.8	0.90	4.18
-41.9553	31.5501	-451.7446	-8.9199	        7.1	0.79	3.52
-41.9553	36.2997	-451.7446	46.8051	        6.7	0.63	2.53
293.6801	487.5495 319.3284	433.1217	9.5	0.40	1.35
-376.1883	157.7257 246.2824	312.724	        7.4	0.71	3.36
177.2723	470.822  231.3283	451.3287	7.6	0.73	3.12
276.8596	250.9107 -30.9898	-492.7114	7.9	0.87	4.52
-207.209	-105.6727 104.6993	142.4274	9.1	0.29	0.25
316.1898	388.837	-499.3373	246.6849	8.8	0.71	3.43
-227.6303	-213.0185 103.4019	118.1836	8.3	0.30	0.28
-210.3591	-88.5836 -92.4219	12.4914	        8.0	0.61	1.94
